[BeanBackground.jpg]
filters=finetune2=1,0.076023,0.157193,0.056140,00000000,0.625731;finetune2=1,0.000000,0.115088,0.000000,00000000,0.000000;
moddate=55f59ef26f4ad101
width=4192
height=2729
textactive=0
